The list contains 86 pairs. 

Pair number 0 has a differential uniformity of 2.
 [0, 0] --> [0, 0, 1] 
 [0, 1] --> [0, 0, 0] 
 [1, 0] --> [1, 0, 0] 
 [1, 1] --> [1, 0, 0] 
 
 [0, 0] --> [0, 0, 1] 
 [0, 1] --> [0, 0, 0] 
 [1, 0] --> [1, 0, 0] 
 [1, 1] --> [1, 0, 0] 
 


Pair number 1 has a differential uniformity of 2.
 [0, 0] --> [0, 0, 1] 
 [0, 1] --> [0, 0, 0] 
 [1, 0] --> [1, 0, 1] 
 [1, 1] --> [1, 0, 1] 
 
 [0, 0] --> [0, 0, 1] 
 [0, 1] --> [0, 0, 0] 
 [1, 0] --> [1, 0, 1] 
 [1, 1] --> [1, 0, 1] 
 


Pair number 2 has a differential uniformity of 2.
 [0, 0] --> [0, 0, 1] 
 [0, 1] --> [0, 0, 0] 
 [1, 0] --> [1, 1, 0] 
 [1, 1] --> [1, 1, 0] 
 
 [0, 0] --> [0, 0, 1] 
 [0, 1] --> [0, 0, 0] 
 [1, 0] --> [1, 1, 0] 
 [1, 1] --> [1, 1, 0] 
 


Pair number 3 has a differential uniformity of 2.
 [0, 0] --> [0, 0, 1] 
 [0, 1] --> [0, 0, 0] 
 [1, 0] --> [1, 1, 1] 
 [1, 1] --> [1, 1, 1] 
 
 [0, 0] --> [0, 0, 1] 
 [0, 1] --> [0, 0, 0] 
 [1, 0] --> [1, 1, 1] 
 [1, 1] --> [1, 1, 1] 
 


Pair number 4 has a differential uniformity of 2.
 [0, 0] --> [0, 0, 1] 
 [0, 1] --> [0, 0, 1] 
 [1, 0] --> [1, 0, 0] 
 [1, 1] --> [1, 0, 1] 
 
 [0, 0] --> [0, 0, 1] 
 [0, 1] --> [0, 0, 1] 
 [1, 0] --> [1, 0, 0] 
 [1, 1] --> [1, 0, 1] 
 


Pair number 5 has a differential uniformity of 2.
 [0, 0] --> [0, 0, 1] 
 [0, 1] --> [0, 0, 1] 
 [1, 0] --> [1, 0, 1] 
 [1, 1] --> [1, 0, 0] 
 
 [0, 0] --> [0, 0, 1] 
 [0, 1] --> [0, 0, 1] 
 [1, 0] --> [1, 0, 1] 
 [1, 1] --> [1, 0, 0] 
 


Pair number 6 has a differential uniformity of 2.
 [0, 0] --> [0, 0, 1] 
 [0, 1] --> [0, 0, 1] 
 [1, 0] --> [1, 1, 0] 
 [1, 1] --> [1, 1, 1] 
 
 [0, 0] --> [0, 0, 1] 
 [0, 1] --> [0, 0, 1] 
 [1, 0] --> [1, 1, 0] 
 [1, 1] --> [1, 1, 1] 
 


Pair number 7 has a differential uniformity of 2.
 [0, 0] --> [0, 0, 1] 
 [0, 1] --> [0, 0, 1] 
 [1, 0] --> [1, 1, 1] 
 [1, 1] --> [1, 1, 0] 
 
 [0, 0] --> [0, 0, 1] 
 [0, 1] --> [0, 0, 1] 
 [1, 0] --> [1, 1, 1] 
 [1, 1] --> [1, 1, 0] 
 


Pair number 8 has a differential uniformity of 2.
 [0, 0] --> [0, 0, 1] 
 [0, 1] --> [0, 1, 0] 
 [1, 0] --> [1, 0, 0] 
 [1, 1] --> [1, 1, 0] 
 
 [0, 0] --> [0, 0, 1] 
 [0, 1] --> [0, 1, 0] 
 [1, 0] --> [1, 0, 0] 
 [1, 1] --> [1, 1, 0] 
 


Pair number 9 has a differential uniformity of 2.
 [0, 0] --> [0, 0, 1] 
 [0, 1] --> [0, 1, 0] 
 [1, 0] --> [1, 0, 1] 
 [1, 1] --> [1, 1, 1] 
 
 [0, 0] --> [0, 0, 1] 
 [0, 1] --> [0, 1, 0] 
 [1, 0] --> [1, 0, 1] 
 [1, 1] --> [1, 1, 1] 
 


Pair number 10 has a differential uniformity of 2.
 [0, 0] --> [0, 0, 1] 
 [0, 1] --> [0, 1, 0] 
 [1, 0] --> [1, 1, 0] 
 [1, 1] --> [1, 0, 0] 
 
 [0, 0] --> [0, 0, 1] 
 [0, 1] --> [0, 1, 0] 
 [1, 0] --> [1, 1, 0] 
 [1, 1] --> [1, 0, 0] 
 


Pair number 11 has a differential uniformity of 2.
 [0, 0] --> [0, 0, 1] 
 [0, 1] --> [0, 1, 0] 
 [1, 0] --> [1, 1, 1] 
 [1, 1] --> [1, 0, 1] 
 
 [0, 0] --> [0, 0, 1] 
 [0, 1] --> [0, 1, 0] 
 [1, 0] --> [1, 1, 1] 
 [1, 1] --> [1, 0, 1] 
 


Pair number 12 has a differential uniformity of 2.
 [0, 0] --> [0, 0, 1] 
 [0, 1] --> [0, 1, 1] 
 [1, 0] --> [1, 0, 0] 
 [1, 1] --> [1, 1, 1] 
 
 [0, 0] --> [0, 0, 1] 
 [0, 1] --> [0, 1, 1] 
 [1, 0] --> [1, 0, 0] 
 [1, 1] --> [1, 1, 1] 
 


Pair number 13 has a differential uniformity of 2.
 [0, 0] --> [0, 0, 1] 
 [0, 1] --> [0, 1, 1] 
 [1, 0] --> [1, 0, 1] 
 [1, 1] --> [1, 1, 0] 
 
 [0, 0] --> [0, 0, 1] 
 [0, 1] --> [0, 1, 1] 
 [1, 0] --> [1, 0, 1] 
 [1, 1] --> [1, 1, 0] 
 


Pair number 14 has a differential uniformity of 2.
 [0, 0] --> [0, 0, 1] 
 [0, 1] --> [0, 1, 1] 
 [1, 0] --> [1, 1, 0] 
 [1, 1] --> [1, 0, 1] 
 
 [0, 0] --> [0, 0, 1] 
 [0, 1] --> [0, 1, 1] 
 [1, 0] --> [1, 1, 0] 
 [1, 1] --> [1, 0, 1] 
 


Pair number 15 has a differential uniformity of 2.
 [0, 0] --> [0, 0, 1] 
 [0, 1] --> [0, 1, 1] 
 [1, 0] --> [1, 1, 0] 
 [1, 1] --> [1, 0, 1] 
 
 [0, 0] --> [0, 0, 1] 
 [0, 1] --> [0, 1, 1] 
 [1, 0] --> [1, 1, 1] 
 [1, 1] --> [1, 0, 0] 
 


Pair number 16 has a differential uniformity of 2.
 [0, 0] --> [0, 0, 1] 
 [0, 1] --> [0, 1, 1] 
 [1, 0] --> [1, 1, 1] 
 [1, 1] --> [1, 0, 0] 
 
 [0, 0] --> [0, 0, 1] 
 [0, 1] --> [0, 1, 1] 
 [1, 0] --> [1, 1, 1] 
 [1, 1] --> [1, 0, 0] 
 


Pair number 17 has a differential uniformity of 2.
 [0, 0] --> [0, 0, 1] 
 [0, 1] --> [1, 0, 0] 
 [1, 0] --> [0, 1, 0] 
 [1, 1] --> [1, 1, 0] 
 
 [0, 0] --> [0, 0, 1] 
 [0, 1] --> [1, 0, 0] 
 [1, 0] --> [0, 1, 0] 
 [1, 1] --> [1, 1, 0] 
 


Pair number 18 has a differential uniformity of 2.
 [0, 0] --> [0, 0, 1] 
 [0, 1] --> [1, 0, 0] 
 [1, 0] --> [0, 1, 1] 
 [1, 1] --> [1, 1, 1] 
 
 [0, 0] --> [0, 0, 1] 
 [0, 1] --> [1, 0, 1] 
 [1, 0] --> [0, 1, 0] 
 [1, 1] --> [1, 1, 1] 
 


Pair number 19 has a differential uniformity of 2.
 [0, 0] --> [0, 0, 1] 
 [0, 1] --> [1, 0, 0] 
 [1, 0] --> [1, 0, 0] 
 [1, 1] --> [0, 0, 0] 
 
 [0, 0] --> [0, 0, 1] 
 [0, 1] --> [1, 0, 0] 
 [1, 0] --> [1, 0, 0] 
 [1, 1] --> [0, 0, 0] 
 


Pair number 20 has a differential uniformity of 2.
 [0, 0] --> [0, 0, 1] 
 [0, 1] --> [1, 0, 0] 
 [1, 0] --> [1, 0, 1] 
 [1, 1] --> [0, 0, 1] 
 
 [0, 0] --> [0, 0, 1] 
 [0, 1] --> [1, 0, 1] 
 [1, 0] --> [1, 0, 1] 
 [1, 1] --> [0, 0, 0] 
 


Pair number 21 has a differential uniformity of 2.
 [0, 0] --> [0, 0, 1] 
 [0, 1] --> [1, 0, 0] 
 [1, 0] --> [1, 1, 0] 
 [1, 1] --> [0, 1, 0] 
 
 [0, 0] --> [0, 0, 1] 
 [0, 1] --> [1, 1, 0] 
 [1, 0] --> [1, 1, 0] 
 [1, 1] --> [0, 0, 0] 
 


Pair number 22 has a differential uniformity of 2.
 [0, 0] --> [0, 0, 1] 
 [0, 1] --> [1, 0, 0] 
 [1, 0] --> [1, 1, 0] 
 [1, 1] --> [0, 1, 0] 
 
 [0, 0] --> [0, 0, 1] 
 [0, 1] --> [1, 1, 0] 
 [1, 0] --> [0, 1, 0] 
 [1, 1] --> [1, 0, 0] 
 


Pair number 23 has a differential uniformity of 2.
 [0, 0] --> [0, 0, 1] 
 [0, 1] --> [1, 0, 0] 
 [1, 0] --> [1, 1, 1] 
 [1, 1] --> [0, 1, 1] 
 
 [0, 0] --> [0, 0, 1] 
 [0, 1] --> [1, 1, 1] 
 [1, 0] --> [1, 1, 1] 
 [1, 1] --> [0, 0, 0] 
 


Pair number 24 has a differential uniformity of 2.
 [0, 0] --> [0, 0, 1] 
 [0, 1] --> [1, 0, 0] 
 [1, 0] --> [1, 1, 1] 
 [1, 1] --> [0, 1, 1] 
 
 [0, 0] --> [0, 0, 1] 
 [0, 1] --> [1, 1, 1] 
 [1, 0] --> [0, 1, 0] 
 [1, 1] --> [1, 0, 1] 
 


Pair number 25 has a differential uniformity of 2.
 [0, 0] --> [0, 0, 1] 
 [0, 1] --> [1, 0, 1] 
 [1, 0] --> [0, 1, 1] 
 [1, 1] --> [1, 1, 0] 
 
 [0, 0] --> [0, 0, 1] 
 [0, 1] --> [1, 0, 1] 
 [1, 0] --> [0, 1, 1] 
 [1, 1] --> [1, 1, 0] 
 


Pair number 26 has a differential uniformity of 2.
 [0, 0] --> [0, 0, 1] 
 [0, 1] --> [1, 0, 1] 
 [1, 0] --> [1, 0, 0] 
 [1, 1] --> [0, 0, 1] 
 
 [0, 0] --> [0, 0, 1] 
 [0, 1] --> [1, 0, 1] 
 [1, 0] --> [1, 0, 0] 
 [1, 1] --> [0, 0, 1] 
 


Pair number 27 has a differential uniformity of 2.
 [0, 0] --> [0, 0, 1] 
 [0, 1] --> [1, 0, 1] 
 [1, 0] --> [1, 1, 0] 
 [1, 1] --> [0, 1, 1] 
 
 [0, 0] --> [0, 0, 1] 
 [0, 1] --> [1, 1, 1] 
 [1, 0] --> [1, 1, 0] 
 [1, 1] --> [0, 0, 1] 
 


Pair number 28 has a differential uniformity of 2.
 [0, 0] --> [0, 0, 1] 
 [0, 1] --> [1, 0, 1] 
 [1, 0] --> [1, 1, 0] 
 [1, 1] --> [0, 1, 1] 
 
 [0, 0] --> [0, 0, 1] 
 [0, 1] --> [1, 1, 1] 
 [1, 0] --> [0, 1, 1] 
 [1, 1] --> [1, 0, 0] 
 


Pair number 29 has a differential uniformity of 2.
 [0, 0] --> [0, 0, 1] 
 [0, 1] --> [1, 0, 1] 
 [1, 0] --> [1, 1, 1] 
 [1, 1] --> [0, 1, 0] 
 
 [0, 0] --> [0, 0, 1] 
 [0, 1] --> [1, 1, 0] 
 [1, 0] --> [1, 1, 1] 
 [1, 1] --> [0, 0, 1] 
 


Pair number 30 has a differential uniformity of 2.
 [0, 0] --> [0, 0, 1] 
 [0, 1] --> [1, 0, 1] 
 [1, 0] --> [1, 1, 1] 
 [1, 1] --> [0, 1, 0] 
 
 [0, 0] --> [0, 0, 1] 
 [0, 1] --> [1, 1, 0] 
 [1, 0] --> [0, 1, 1] 
 [1, 1] --> [1, 0, 1] 
 


Pair number 31 has a differential uniformity of 2.
 [0, 0] --> [0, 0, 1] 
 [0, 1] --> [1, 1, 0] 
 [1, 0] --> [1, 0, 0] 
 [1, 1] --> [0, 1, 0] 
 
 [0, 0] --> [0, 0, 1] 
 [0, 1] --> [1, 1, 0] 
 [1, 0] --> [1, 0, 0] 
 [1, 1] --> [0, 1, 0] 
 


Pair number 32 has a differential uniformity of 2.
 [0, 0] --> [0, 0, 1] 
 [0, 1] --> [1, 1, 0] 
 [1, 0] --> [1, 0, 1] 
 [1, 1] --> [0, 1, 1] 
 
 [0, 0] --> [0, 0, 1] 
 [0, 1] --> [1, 1, 1] 
 [1, 0] --> [1, 0, 1] 
 [1, 1] --> [0, 1, 0] 
 


Pair number 33 has a differential uniformity of 2.
 [0, 0] --> [0, 0, 1] 
 [0, 1] --> [1, 1, 1] 
 [1, 0] --> [1, 0, 0] 
 [1, 1] --> [0, 1, 1] 
 
 [0, 0] --> [0, 0, 1] 
 [0, 1] --> [1, 1, 1] 
 [1, 0] --> [1, 0, 0] 
 [1, 1] --> [0, 1, 1] 
 


Pair number 34 has a differential uniformity of 2.
 [0, 0] --> [0, 1, 0] 
 [0, 1] --> [0, 0, 0] 
 [1, 0] --> [1, 0, 0] 
 [1, 1] --> [1, 0, 0] 
 
 [0, 0] --> [0, 1, 0] 
 [0, 1] --> [0, 0, 0] 
 [1, 0] --> [1, 0, 0] 
 [1, 1] --> [1, 0, 0] 
 


Pair number 35 has a differential uniformity of 2.
 [0, 0] --> [0, 1, 0] 
 [0, 1] --> [0, 0, 0] 
 [1, 0] --> [1, 0, 1] 
 [1, 1] --> [1, 0, 1] 
 
 [0, 0] --> [0, 1, 0] 
 [0, 1] --> [0, 0, 0] 
 [1, 0] --> [1, 0, 1] 
 [1, 1] --> [1, 0, 1] 
 


Pair number 36 has a differential uniformity of 2.
 [0, 0] --> [0, 1, 0] 
 [0, 1] --> [0, 0, 0] 
 [1, 0] --> [1, 1, 0] 
 [1, 1] --> [1, 1, 0] 
 
 [0, 0] --> [0, 1, 0] 
 [0, 1] --> [0, 0, 0] 
 [1, 0] --> [1, 1, 0] 
 [1, 1] --> [1, 1, 0] 
 


Pair number 37 has a differential uniformity of 2.
 [0, 0] --> [0, 1, 0] 
 [0, 1] --> [0, 0, 0] 
 [1, 0] --> [1, 1, 1] 
 [1, 1] --> [1, 1, 1] 
 
 [0, 0] --> [0, 1, 0] 
 [0, 1] --> [0, 0, 0] 
 [1, 0] --> [1, 1, 1] 
 [1, 1] --> [1, 1, 1] 
 


Pair number 38 has a differential uniformity of 2.
 [0, 0] --> [0, 1, 0] 
 [0, 1] --> [0, 0, 1] 
 [1, 0] --> [1, 0, 0] 
 [1, 1] --> [1, 0, 1] 
 
 [0, 0] --> [0, 1, 0] 
 [0, 1] --> [0, 0, 1] 
 [1, 0] --> [1, 0, 0] 
 [1, 1] --> [1, 0, 1] 
 


Pair number 39 has a differential uniformity of 2.
 [0, 0] --> [0, 1, 0] 
 [0, 1] --> [0, 0, 1] 
 [1, 0] --> [1, 0, 1] 
 [1, 1] --> [1, 0, 0] 
 
 [0, 0] --> [0, 1, 0] 
 [0, 1] --> [0, 0, 1] 
 [1, 0] --> [1, 0, 1] 
 [1, 1] --> [1, 0, 0] 
 


Pair number 40 has a differential uniformity of 2.
 [0, 0] --> [0, 1, 0] 
 [0, 1] --> [0, 0, 1] 
 [1, 0] --> [1, 1, 0] 
 [1, 1] --> [1, 1, 1] 
 
 [0, 0] --> [0, 1, 0] 
 [0, 1] --> [0, 0, 1] 
 [1, 0] --> [1, 1, 0] 
 [1, 1] --> [1, 1, 1] 
 


Pair number 41 has a differential uniformity of 2.
 [0, 0] --> [0, 1, 0] 
 [0, 1] --> [0, 0, 1] 
 [1, 0] --> [1, 1, 1] 
 [1, 1] --> [1, 1, 0] 
 
 [0, 0] --> [0, 1, 0] 
 [0, 1] --> [0, 0, 1] 
 [1, 0] --> [1, 1, 1] 
 [1, 1] --> [1, 1, 0] 
 


Pair number 42 has a differential uniformity of 2.
 [0, 0] --> [0, 1, 0] 
 [0, 1] --> [0, 1, 0] 
 [1, 0] --> [1, 0, 0] 
 [1, 1] --> [1, 1, 0] 
 
 [0, 0] --> [0, 1, 0] 
 [0, 1] --> [0, 1, 0] 
 [1, 0] --> [1, 0, 0] 
 [1, 1] --> [1, 1, 0] 
 


Pair number 43 has a differential uniformity of 2.
 [0, 0] --> [0, 1, 0] 
 [0, 1] --> [0, 1, 0] 
 [1, 0] --> [1, 0, 1] 
 [1, 1] --> [1, 1, 1] 
 
 [0, 0] --> [0, 1, 0] 
 [0, 1] --> [0, 1, 0] 
 [1, 0] --> [1, 0, 1] 
 [1, 1] --> [1, 1, 1] 
 


Pair number 44 has a differential uniformity of 2.
 [0, 0] --> [0, 1, 0] 
 [0, 1] --> [0, 1, 0] 
 [1, 0] --> [1, 1, 0] 
 [1, 1] --> [1, 0, 0] 
 
 [0, 0] --> [0, 1, 0] 
 [0, 1] --> [0, 1, 0] 
 [1, 0] --> [1, 1, 0] 
 [1, 1] --> [1, 0, 0] 
 


Pair number 45 has a differential uniformity of 2.
 [0, 0] --> [0, 1, 0] 
 [0, 1] --> [0, 1, 0] 
 [1, 0] --> [1, 1, 1] 
 [1, 1] --> [1, 0, 1] 
 
 [0, 0] --> [0, 1, 0] 
 [0, 1] --> [0, 1, 0] 
 [1, 0] --> [1, 1, 1] 
 [1, 1] --> [1, 0, 1] 
 


Pair number 46 has a differential uniformity of 2.
 [0, 0] --> [0, 1, 0] 
 [0, 1] --> [0, 1, 1] 
 [1, 0] --> [1, 0, 0] 
 [1, 1] --> [1, 1, 1] 
 
 [0, 0] --> [0, 1, 0] 
 [0, 1] --> [0, 1, 1] 
 [1, 0] --> [1, 0, 0] 
 [1, 1] --> [1, 1, 1] 
 


Pair number 47 has a differential uniformity of 2.
 [0, 0] --> [0, 1, 0] 
 [0, 1] --> [0, 1, 1] 
 [1, 0] --> [1, 0, 1] 
 [1, 1] --> [1, 1, 0] 
 
 [0, 0] --> [0, 1, 0] 
 [0, 1] --> [0, 1, 1] 
 [1, 0] --> [1, 0, 1] 
 [1, 1] --> [1, 1, 0] 
 


Pair number 48 has a differential uniformity of 2.
 [0, 0] --> [0, 1, 0] 
 [0, 1] --> [0, 1, 1] 
 [1, 0] --> [1, 1, 0] 
 [1, 1] --> [1, 0, 1] 
 
 [0, 0] --> [0, 1, 0] 
 [0, 1] --> [0, 1, 1] 
 [1, 0] --> [1, 1, 0] 
 [1, 1] --> [1, 0, 1] 
 


Pair number 49 has a differential uniformity of 2.
 [0, 0] --> [0, 1, 0] 
 [0, 1] --> [0, 1, 1] 
 [1, 0] --> [1, 1, 1] 
 [1, 1] --> [1, 0, 0] 
 
 [0, 0] --> [0, 1, 0] 
 [0, 1] --> [0, 1, 1] 
 [1, 0] --> [1, 1, 1] 
 [1, 1] --> [1, 0, 0] 
 


Pair number 50 has a differential uniformity of 2.
 [0, 0] --> [0, 1, 0] 
 [0, 1] --> [1, 0, 0] 
 [1, 0] --> [1, 0, 0] 
 [1, 1] --> [0, 0, 0] 
 
 [0, 0] --> [0, 1, 0] 
 [0, 1] --> [1, 0, 0] 
 [1, 0] --> [1, 0, 0] 
 [1, 1] --> [0, 0, 0] 
 


Pair number 51 has a differential uniformity of 2.
 [0, 0] --> [0, 1, 0] 
 [0, 1] --> [1, 0, 0] 
 [1, 0] --> [1, 0, 1] 
 [1, 1] --> [0, 0, 1] 
 
 [0, 0] --> [0, 1, 0] 
 [0, 1] --> [1, 0, 1] 
 [1, 0] --> [1, 0, 1] 
 [1, 1] --> [0, 0, 0] 
 


Pair number 52 has a differential uniformity of 2.
 [0, 0] --> [0, 1, 0] 
 [0, 1] --> [1, 0, 0] 
 [1, 0] --> [1, 1, 0] 
 [1, 1] --> [0, 1, 0] 
 
 [0, 0] --> [0, 1, 0] 
 [0, 1] --> [1, 1, 0] 
 [1, 0] --> [1, 1, 0] 
 [1, 1] --> [0, 0, 0] 
 


Pair number 53 has a differential uniformity of 2.
 [0, 0] --> [0, 1, 0] 
 [0, 1] --> [1, 0, 0] 
 [1, 0] --> [1, 1, 1] 
 [1, 1] --> [0, 1, 1] 
 
 [0, 0] --> [0, 1, 0] 
 [0, 1] --> [1, 1, 1] 
 [1, 0] --> [1, 1, 1] 
 [1, 1] --> [0, 0, 0] 
 


Pair number 54 has a differential uniformity of 2.
 [0, 0] --> [0, 1, 0] 
 [0, 1] --> [1, 0, 1] 
 [1, 0] --> [1, 0, 0] 
 [1, 1] --> [0, 0, 1] 
 
 [0, 0] --> [0, 1, 0] 
 [0, 1] --> [1, 0, 1] 
 [1, 0] --> [1, 0, 0] 
 [1, 1] --> [0, 0, 1] 
 


Pair number 55 has a differential uniformity of 2.
 [0, 0] --> [0, 1, 0] 
 [0, 1] --> [1, 0, 1] 
 [1, 0] --> [1, 1, 0] 
 [1, 1] --> [0, 1, 1] 
 
 [0, 0] --> [0, 1, 0] 
 [0, 1] --> [1, 1, 1] 
 [1, 0] --> [1, 1, 0] 
 [1, 1] --> [0, 0, 1] 
 


Pair number 56 has a differential uniformity of 2.
 [0, 0] --> [0, 1, 0] 
 [0, 1] --> [1, 0, 1] 
 [1, 0] --> [1, 1, 1] 
 [1, 1] --> [0, 1, 0] 
 
 [0, 0] --> [0, 1, 0] 
 [0, 1] --> [1, 1, 0] 
 [1, 0] --> [1, 1, 1] 
 [1, 1] --> [0, 0, 1] 
 


Pair number 57 has a differential uniformity of 2.
 [0, 0] --> [0, 1, 0] 
 [0, 1] --> [1, 1, 0] 
 [1, 0] --> [1, 0, 0] 
 [1, 1] --> [0, 1, 0] 
 
 [0, 0] --> [0, 1, 0] 
 [0, 1] --> [1, 1, 0] 
 [1, 0] --> [1, 0, 0] 
 [1, 1] --> [0, 1, 0] 
 


Pair number 58 has a differential uniformity of 2.
 [0, 0] --> [0, 1, 0] 
 [0, 1] --> [1, 1, 0] 
 [1, 0] --> [1, 0, 1] 
 [1, 1] --> [0, 1, 1] 
 
 [0, 0] --> [0, 1, 0] 
 [0, 1] --> [1, 1, 1] 
 [1, 0] --> [1, 0, 1] 
 [1, 1] --> [0, 1, 0] 
 


Pair number 59 has a differential uniformity of 2.
 [0, 0] --> [0, 1, 0] 
 [0, 1] --> [1, 1, 1] 
 [1, 0] --> [1, 0, 0] 
 [1, 1] --> [0, 1, 1] 
 
 [0, 0] --> [0, 1, 0] 
 [0, 1] --> [1, 1, 1] 
 [1, 0] --> [1, 0, 0] 
 [1, 1] --> [0, 1, 1] 
 


Pair number 60 has a differential uniformity of 2.
 [0, 0] --> [0, 1, 1] 
 [0, 1] --> [0, 0, 0] 
 [1, 0] --> [1, 0, 0] 
 [1, 1] --> [1, 0, 0] 
 
 [0, 0] --> [0, 1, 1] 
 [0, 1] --> [0, 0, 0] 
 [1, 0] --> [1, 0, 0] 
 [1, 1] --> [1, 0, 0] 
 


Pair number 61 has a differential uniformity of 2.
 [0, 0] --> [0, 1, 1] 
 [0, 1] --> [0, 0, 0] 
 [1, 0] --> [1, 0, 1] 
 [1, 1] --> [1, 0, 1] 
 
 [0, 0] --> [0, 1, 1] 
 [0, 1] --> [0, 0, 0] 
 [1, 0] --> [1, 0, 1] 
 [1, 1] --> [1, 0, 1] 
 


Pair number 62 has a differential uniformity of 2.
 [0, 0] --> [0, 1, 1] 
 [0, 1] --> [0, 0, 0] 
 [1, 0] --> [1, 1, 0] 
 [1, 1] --> [1, 1, 0] 
 
 [0, 0] --> [0, 1, 1] 
 [0, 1] --> [0, 0, 0] 
 [1, 0] --> [1, 1, 0] 
 [1, 1] --> [1, 1, 0] 
 


Pair number 63 has a differential uniformity of 2.
 [0, 0] --> [0, 1, 1] 
 [0, 1] --> [0, 0, 0] 
 [1, 0] --> [1, 1, 1] 
 [1, 1] --> [1, 1, 1] 
 
 [0, 0] --> [0, 1, 1] 
 [0, 1] --> [0, 0, 0] 
 [1, 0] --> [1, 1, 1] 
 [1, 1] --> [1, 1, 1] 
 


Pair number 64 has a differential uniformity of 2.
 [0, 0] --> [0, 1, 1] 
 [0, 1] --> [0, 0, 1] 
 [1, 0] --> [1, 0, 0] 
 [1, 1] --> [1, 0, 1] 
 
 [0, 0] --> [0, 1, 1] 
 [0, 1] --> [0, 0, 1] 
 [1, 0] --> [1, 0, 0] 
 [1, 1] --> [1, 0, 1] 
 


Pair number 65 has a differential uniformity of 2.
 [0, 0] --> [0, 1, 1] 
 [0, 1] --> [0, 0, 1] 
 [1, 0] --> [1, 0, 1] 
 [1, 1] --> [1, 0, 0] 
 
 [0, 0] --> [0, 1, 1] 
 [0, 1] --> [0, 0, 1] 
 [1, 0] --> [1, 0, 1] 
 [1, 1] --> [1, 0, 0] 
 


Pair number 66 has a differential uniformity of 2.
 [0, 0] --> [0, 1, 1] 
 [0, 1] --> [0, 0, 1] 
 [1, 0] --> [1, 1, 0] 
 [1, 1] --> [1, 1, 1] 
 
 [0, 0] --> [0, 1, 1] 
 [0, 1] --> [0, 0, 1] 
 [1, 0] --> [1, 1, 0] 
 [1, 1] --> [1, 1, 1] 
 


Pair number 67 has a differential uniformity of 2.
 [0, 0] --> [0, 1, 1] 
 [0, 1] --> [0, 0, 1] 
 [1, 0] --> [1, 1, 1] 
 [1, 1] --> [1, 1, 0] 
 
 [0, 0] --> [0, 1, 1] 
 [0, 1] --> [0, 0, 1] 
 [1, 0] --> [1, 1, 1] 
 [1, 1] --> [1, 1, 0] 
 


Pair number 68 has a differential uniformity of 2.
 [0, 0] --> [0, 1, 1] 
 [0, 1] --> [0, 1, 0] 
 [1, 0] --> [1, 0, 0] 
 [1, 1] --> [1, 1, 0] 
 
 [0, 0] --> [0, 1, 1] 
 [0, 1] --> [0, 1, 0] 
 [1, 0] --> [1, 0, 0] 
 [1, 1] --> [1, 1, 0] 
 


Pair number 69 has a differential uniformity of 2.
 [0, 0] --> [0, 1, 1] 
 [0, 1] --> [0, 1, 0] 
 [1, 0] --> [1, 0, 1] 
 [1, 1] --> [1, 1, 1] 
 
 [0, 0] --> [0, 1, 1] 
 [0, 1] --> [0, 1, 0] 
 [1, 0] --> [1, 0, 1] 
 [1, 1] --> [1, 1, 1] 
 


Pair number 70 has a differential uniformity of 2.
 [0, 0] --> [0, 1, 1] 
 [0, 1] --> [0, 1, 0] 
 [1, 0] --> [1, 1, 0] 
 [1, 1] --> [1, 0, 0] 
 
 [0, 0] --> [0, 1, 1] 
 [0, 1] --> [0, 1, 0] 
 [1, 0] --> [1, 1, 0] 
 [1, 1] --> [1, 0, 0] 
 


Pair number 71 has a differential uniformity of 2.
 [0, 0] --> [0, 1, 1] 
 [0, 1] --> [0, 1, 0] 
 [1, 0] --> [1, 1, 1] 
 [1, 1] --> [1, 0, 1] 
 
 [0, 0] --> [0, 1, 1] 
 [0, 1] --> [0, 1, 0] 
 [1, 0] --> [1, 1, 1] 
 [1, 1] --> [1, 0, 1] 
 


Pair number 72 has a differential uniformity of 2.
 [0, 0] --> [0, 1, 1] 
 [0, 1] --> [0, 1, 1] 
 [1, 0] --> [1, 0, 0] 
 [1, 1] --> [1, 1, 1] 
 
 [0, 0] --> [0, 1, 1] 
 [0, 1] --> [0, 1, 1] 
 [1, 0] --> [1, 0, 0] 
 [1, 1] --> [1, 1, 1] 
 


Pair number 73 has a differential uniformity of 2.
 [0, 0] --> [0, 1, 1] 
 [0, 1] --> [0, 1, 1] 
 [1, 0] --> [1, 0, 1] 
 [1, 1] --> [1, 1, 0] 
 
 [0, 0] --> [0, 1, 1] 
 [0, 1] --> [0, 1, 1] 
 [1, 0] --> [1, 0, 1] 
 [1, 1] --> [1, 1, 0] 
 


Pair number 74 has a differential uniformity of 2.
 [0, 0] --> [0, 1, 1] 
 [0, 1] --> [0, 1, 1] 
 [1, 0] --> [1, 1, 0] 
 [1, 1] --> [1, 0, 1] 
 
 [0, 0] --> [0, 1, 1] 
 [0, 1] --> [0, 1, 1] 
 [1, 0] --> [1, 1, 0] 
 [1, 1] --> [1, 0, 1] 
 


Pair number 75 has a differential uniformity of 2.
 [0, 0] --> [0, 1, 1] 
 [0, 1] --> [0, 1, 1] 
 [1, 0] --> [1, 1, 1] 
 [1, 1] --> [1, 0, 0] 
 
 [0, 0] --> [0, 1, 1] 
 [0, 1] --> [0, 1, 1] 
 [1, 0] --> [1, 1, 1] 
 [1, 1] --> [1, 0, 0] 
 


Pair number 76 has a differential uniformity of 2.
 [0, 0] --> [0, 1, 1] 
 [0, 1] --> [1, 0, 0] 
 [1, 0] --> [1, 0, 0] 
 [1, 1] --> [0, 0, 0] 
 
 [0, 0] --> [0, 1, 1] 
 [0, 1] --> [1, 0, 0] 
 [1, 0] --> [1, 0, 0] 
 [1, 1] --> [0, 0, 0] 
 


Pair number 77 has a differential uniformity of 2.
 [0, 0] --> [0, 1, 1] 
 [0, 1] --> [1, 0, 0] 
 [1, 0] --> [1, 0, 1] 
 [1, 1] --> [0, 0, 1] 
 
 [0, 0] --> [0, 1, 1] 
 [0, 1] --> [1, 0, 1] 
 [1, 0] --> [1, 0, 1] 
 [1, 1] --> [0, 0, 0] 
 


Pair number 78 has a differential uniformity of 2.
 [0, 0] --> [0, 1, 1] 
 [0, 1] --> [1, 0, 0] 
 [1, 0] --> [1, 1, 0] 
 [1, 1] --> [0, 1, 0] 
 
 [0, 0] --> [0, 1, 1] 
 [0, 1] --> [1, 1, 0] 
 [1, 0] --> [1, 1, 0] 
 [1, 1] --> [0, 0, 0] 
 


Pair number 79 has a differential uniformity of 2.
 [0, 0] --> [0, 1, 1] 
 [0, 1] --> [1, 0, 0] 
 [1, 0] --> [1, 1, 1] 
 [1, 1] --> [0, 1, 1] 
 
 [0, 0] --> [0, 1, 1] 
 [0, 1] --> [1, 1, 1] 
 [1, 0] --> [1, 1, 1] 
 [1, 1] --> [0, 0, 0] 
 


Pair number 80 has a differential uniformity of 2.
 [0, 0] --> [0, 1, 1] 
 [0, 1] --> [1, 0, 1] 
 [1, 0] --> [1, 0, 0] 
 [1, 1] --> [0, 0, 1] 
 
 [0, 0] --> [0, 1, 1] 
 [0, 1] --> [1, 0, 1] 
 [1, 0] --> [1, 0, 0] 
 [1, 1] --> [0, 0, 1] 
 


Pair number 81 has a differential uniformity of 2.
 [0, 0] --> [0, 1, 1] 
 [0, 1] --> [1, 0, 1] 
 [1, 0] --> [1, 1, 0] 
 [1, 1] --> [0, 1, 1] 
 
 [0, 0] --> [0, 1, 1] 
 [0, 1] --> [1, 1, 1] 
 [1, 0] --> [1, 1, 0] 
 [1, 1] --> [0, 0, 1] 
 


Pair number 82 has a differential uniformity of 2.
 [0, 0] --> [0, 1, 1] 
 [0, 1] --> [1, 0, 1] 
 [1, 0] --> [1, 1, 1] 
 [1, 1] --> [0, 1, 0] 
 
 [0, 0] --> [0, 1, 1] 
 [0, 1] --> [1, 1, 0] 
 [1, 0] --> [1, 1, 1] 
 [1, 1] --> [0, 0, 1] 
 


Pair number 83 has a differential uniformity of 2.
 [0, 0] --> [0, 1, 1] 
 [0, 1] --> [1, 1, 0] 
 [1, 0] --> [1, 0, 0] 
 [1, 1] --> [0, 1, 0] 
 
 [0, 0] --> [0, 1, 1] 
 [0, 1] --> [1, 1, 0] 
 [1, 0] --> [1, 0, 0] 
 [1, 1] --> [0, 1, 0] 
 


Pair number 84 has a differential uniformity of 2.
 [0, 0] --> [0, 1, 1] 
 [0, 1] --> [1, 1, 0] 
 [1, 0] --> [1, 0, 1] 
 [1, 1] --> [0, 1, 1] 
 
 [0, 0] --> [0, 1, 1] 
 [0, 1] --> [1, 1, 1] 
 [1, 0] --> [1, 0, 1] 
 [1, 1] --> [0, 1, 0] 
 


Pair number 85 has a differential uniformity of 2.
 [0, 0] --> [0, 1, 1] 
 [0, 1] --> [1, 1, 1] 
 [1, 0] --> [1, 0, 0] 
 [1, 1] --> [0, 1, 1] 
 
 [0, 0] --> [0, 1, 1] 
 [0, 1] --> [1, 1, 1] 
 [1, 0] --> [1, 0, 0] 
 [1, 1] --> [0, 1, 1] 
 


There are 86 pairs with a differential uniformity of 2.
There are 0 pairs with a differential uniformity of 4.
